<?xml version="1.0" encoding="UTF-8" standalone="no" ?>
<SimscapeMultibodyImportXML version="2.0" xmlns="urn:mathworks:SimscapeMultibody:import" xmlns:xsi="http://www.w3.org/2001/XMLSchema-instance">
<Created by="" on="10/15/24||11:14:51" using="Simscape Multibody Link Version 7.4" from="SolidWorks 32.1.0"/>
<ModelUnits mass="kilogram" length="millimeter"/>
<DataUnits mass="kilogram" length="meter"/>
<RootAssembly name="Robotic Arm" uid="Robotic Arm" version="1421">
<AssemblyFile name="Robotic Arm.SLDASM" type="SolidWorks Assembly"/>
<InstanceTree>
<Instance name="Servo Motor MG996R-1" uid="Servo Motor MG996R-1" entityUid="Servo Motor MG996R*:*Default">
<Transform>
<Rotation>-1 0 -1.110223024625156e-16 0 1 0 1.110223024625156e-16 0 -1</Rotation>
<Translation>0.030529253635064271 0.045307574107867656 0.092879565691767862</Translation>
</Transform>
</Instance>
<Instance name="Waist-1" uid="Waist-1" entityUid="Waist*:*Default">
<Transform>
<Rotation>0.63183227034759293 0 0.7751051426402783 0 1 0 -0.7751051426402783 0 0.63183227034759293</Rotation>
<Translation>0.040779253635064287 0.093107574107867658 0.092879565691767862</Translation>
</Transform>
<VisualProperties>
<Ambient r="0.69411764705882351" g="0.098039215686274508" b="0.098039215686274508" a="1"/>
<Diffuse r="0.48588235294117643" g="0.068627450980392149" b="0.068627450980392149" a="1"/>
<Specular r="0.034705882352941177" g="0.0049019607843137254" b="0.0049019607843137254" a="1"/>
<Emissive r="0" g="0" b="0" a="1"/>
<Shininess>0.3125</Shininess>
</VisualProperties>
</Instance>
<Instance name="Servo Motor MG996R-2" uid="Servo Motor MG996R-2" entityUid="Servo Motor MG996R*:*Default">
<Transform>
<Rotation>0.54808210249350875 0.63183227034759215 0.54808210249350642 -0.70710678118654635 6.619913774548232e-16 0.70710678118654868 0.44677288293527473 -0.77510514264027919 0.44677288293527395</Rotation>
<Translation>0.0046596621976019072 0.12631298647193545 0.12691169254385709</Translation>
</Transform>
</Instance>
<Instance name="Servo Motor MG996R-7" uid="Servo Motor MG996R-7" entityUid="Servo Motor MG996R*:*Default">
<Transform>
<Rotation>-0.03461544899687187 0.63183227034759248 -0.77433181055549538 0.99900228750624864 -5.5511151231257827e-16 -0.044659036681088185 -0.028217020537748796 -0.77510514264027874 -0.63120188339751127</Rotation>
<Translation>-0.010089272131198172 0.26326522857479889 0.11488899762219723</Translation>
</Transform>
</Instance>
<Instance name="Arm 02 v2-1" uid="Arm 02 v2-1" entityUid="Arm 02 v2*:*Default">
<Transform>
<Rotation>0.77433181055549405 -0.034615448996863814 -0.63183227034759482 0.044659036681077728 0.99900228750624898 4.649058915617843e-16 0.63120188339751393 -0.028217020537742211 0.77510514264027697</Rotation>
<Translation>0.015725971177046567 0.28774078461870201 0.081488243599602703</Translation>
</Transform>
<VisualProperties>
<Ambient r="0.69411764705882351" g="0.098039215686274508" b="0.098039215686274508" a="1"/>
<Diffuse r="0.48588235294117643" g="0.068627450980392149" b="0.068627450980392149" a="1"/>
<Specular r="0.034705882352941177" g="0.0049019607843137254" b="0.0049019607843137254" a="1"/>
<Emissive r="0" g="0" b="0" a="1"/>
<Shininess>0.3125</Shininess>
</VisualProperties>
</Instance>
<Instance name="Gripper Assembly-1" uid="Gripper Assembly-1" entityUid="Gripper Assembly" rigid="true">
<Transform>
<Rotation>-0.63183227034759237 0.76916297033688419 -0.095793043640695227 -3.9425656749719762e-16 0.1235871604649538 0.9923337209669989 0.77510514264027885 0.62698846786105322 -0.078086356182383881</Rotation>
<Translation>0.00089186478616843073 0.32610863126352763 0.10684527790070422</Translation>
</Transform>
<Instance name="gear1-1" uid="gear1-1" entityUid="gear1*:*Default">
<Transform>
<Rotation>-0.5816680627750439 0 -0.81342625034327942 -3.3306690738754696e-16 1 2.1467181254354654e-16 0.81342625034327942 3.9579310292429673e-16 -0.5816680627750439</Rotation>
<Translation>-0.022905571503443869 0.012602812569122213 0.063284336518949491</Translation>
</Transform>
</Instance>
<Instance name="grip link 1-4" uid="grip link 1-4" entityUid="grip link 1*:*Default">
<Transform>
<Rotation>0.57147054487546944 0 -0.82062257849740761 1.1102230246251563e-16 -1 0 -0.82062257849740761 -1.137133844136237e-16 -0.57147054487546944</Rotation>
<Translation>-0.026742621699555318 0.016602812569122785 0.10050287212412162</Translation>
</Transform>
</Instance>
<Instance name="gear2-1" uid="gear2-1" entityUid="gear2*:*Default">
<Transform>
<Rotation>-0.46742086838868357 2.9381823818256011e-16 0.88403491548398083 3.6082248300317597e-16 1 -1.4158069738063718e-16 -0.88403491548398083 2.5280190074969982e-16 -0.46742086838868357</Rotation>
<Translation>0.005149049778838885 0.012602812569122601 0.046129212505273687</Translation>
</Transform>
</Instance>
<Instance name="grip link 1-3" uid="grip link 1-3" entityUid="grip link 1*:*Default">
<Transform>
<Rotation>-0.57940637564435604 1.1634939443634741e-16 0.81503880389995631 0 1 -1.4275319638723482e-16 -0.81503880389995631 0 -0.57940637564435604</Rotation>
<Translation>0.018934562836559518 0.012602812569123004 0.10032977511160079</Translation>
</Transform>
</Instance>
<Instance name="Gripper 1-1" uid="Gripper 1-1" entityUid="Gripper 1*:*Default">
<Transform>
<Rotation>1.1102230246251568e-16 0.91776230778684287 0.39713013787141377 1 0 -1.2687762095933408e-16 0 0.39713013787141377 -0.91776230778684287</Rotation>
<Translation>0.025068265020143476 0.0041028125691227324 0.073564542112000531</Translation>
</Transform>
</Instance>
<Instance name="grip link 1-1" uid="grip link 1-1" entityUid="grip link 1*:*Default">
<Transform>
<Rotation>0.57147054487547111 0 0.82062257849740661 1.6653345369377348e-16 1 0 -0.82062257849740661 1.808224654022702e-16 0.57147054487547111</Rotation>
<Translation>-0.026742621699555616 0.0001028125691227566 0.10050287212412168</Translation>
</Transform>
</Instance>
<Instance name="grip link 1-2" uid="grip link 1-2" entityUid="grip link 1*:*Default">
<Transform>
<Rotation>-0.57940637564435271 1.1932389553364389e-16 0.81503880389995875 0 1 -1.2667143891586045e-16 -0.81503880389995875 0 -0.57940637564435271</Rotation>
<Translation>0.018934562836558616 0.0001028125691227566 0.10032977511160063</Translation>
</Transform>
</Instance>
<Instance name="Gripper base-1" uid="Gripper base-1" grounded="true" entityUid="Gripper base*:*Default">
<Transform>
<Rotation>1 0 0 0 1 0 0 0 1</Rotation>
<Translation>-0.022027034808415925 0.0041028125691227602 0.080063572190701926</Translation>
</Transform>
</Instance>
<Instance name="Gripper 1-2" uid="Gripper 1-2" entityUid="Gripper 1*:*Default">
<Transform>
<Rotation>-1.1102230246251568e-16 -0.92847466978927529 -0.37139572905419371 -1 1.3658337790165659e-16 0 0 0.37139572905419371 -0.92847466978927529</Rotation>
<Translation>-0.032127933035076044 0.012602812569122213 0.07357707739453917</Translation>
</Transform>
</Instance>
<Instance name="Servo Motor Micro  9g-1" uid="Servo Motor Micro  9g-1" entityUid="Servo Motor Micro  9g*:*Default">
<Transform>
<Rotation>-1 -1.1102230246251563e-16 -1.7347234759768071e-16 -1.1102230246251565e-16 1 0 1.7347234759768071e-16 0 -1</Rotation>
<Translation>0.0047729651915840859 -0.019447187430877227 0.055063572190701848</Translation>
</Transform>
</Instance>
</Instance>
<Instance name="Base-1" uid="Base-1" grounded="true" entityUid="Base*:*Default">
<Transform>
<Rotation>1 0 0 0 1 0 0 0 1</Rotation>
<Translation>0.040779253635064287 0.036107574107867663 0.092879565691767862</Translation>
</Transform>
<VisualProperties>
<Ambient r="0.66666666666666663" g="0.66666666666666663" b="0.66666666666666663" a="1"/>
<Diffuse r="0.66666666666666663" g="0.66666666666666663" b="0.66666666666666663" a="1"/>
<Specular r="0.46666666666666662" g="0.46666666666666662" b="0.46666666666666662" a="1"/>
<Emissive r="0" g="0" b="0" a="1"/>
<Shininess>0.3125</Shininess>
</VisualProperties>
</Instance>
<Instance name="Arm 01-1" uid="Arm 01-1" entityUid="Arm 01*:*Default">
<Transform>
<Rotation>-0.77164703784413269 -0.073135703550184367 0.63183227034759426 -0.09435584868016586 0.99553853457304498 2.5673907444456745e-16 -0.62901337251780398 -0.059617070092163188 -0.77510514264027719</Rotation>
<Translation>0.028990670261515958 0.13356083097909438 0.085592286732621661</Translation>
</Transform>
<VisualProperties>
<Ambient r="0.69411764705882351" g="0.098039215686274508" b="0.098039215686274508" a="1"/>
<Diffuse r="0.48588235294117643" g="0.068627450980392149" b="0.068627450980392149" a="1"/>
<Specular r="0.034705882352941177" g="0.0049019607843137254" b="0.0049019607843137254" a="1"/>
<Emissive r="0" g="0" b="0" a="1"/>
<Shininess>0.3125</Shininess>
</VisualProperties>
</Instance>
</InstanceTree>
<Constraints>
<Coincident name="Coincident1">
<ConstraintGeometry geomType="plane">
<InstancePath>
<Uid>Base-1</Uid>
</InstancePath>
<Position>0 0.037999999999999992 0.012999999999999998</Position>
<Axis>0 1 0</Axis>
</ConstraintGeometry>
<ConstraintGeometry geomType="plane">
<InstancePath>
<Uid>Servo Motor MG996R-1</Uid>
</InstancePath>
<Position>-0.027299999999999991 0.028799999999999999 -0.0092500000000000082</Position>
<Axis>0 -1 0</Axis>
</ConstraintGeometry>
</Coincident>
<Concentric name="Concentric1">
<ConstraintGeometry geomType="cylinder">
<InstancePath>
<Uid>Base-1</Uid>
</InstancePath>
<Position>0.013749999999999978 0.030799999999999994 -0.0050000000000000044</Position>
<Axis>-4.6259292692714869e-16 1 0</Axis>
</ConstraintGeometry>
<ConstraintGeometry geomType="cylinder">
<InstancePath>
<Uid>Servo Motor MG996R-1</Uid>
</InstancePath>
<Position>-0.024 0.024399999999999998 0.0049999999999999906</Position>
<Axis>0 1 0</Axis>
</ConstraintGeometry>
</Concentric>
<Concentric name="Concentric4">
<ConstraintGeometry geomType="cylinder">
<InstancePath>
<Uid>Base-1</Uid>
</InstancePath>
<Position>-0.034250000000000023 0.03079999999999998 0.0050000000000000044</Position>
<Axis>-4.6259292692714869e-16 1 0</Axis>
</ConstraintGeometry>
<ConstraintGeometry geomType="cylinder">
<InstancePath>
<Uid>Servo Motor MG996R-1</Uid>
</InstancePath>
<Position>0.023999999999999997 0.024399999999999998 -0.0050000000000000183</Position>
<Axis>0 1 0</Axis>
</ConstraintGeometry>
</Concentric>
<Concentric name="Concentric5">
<ConstraintGeometry geomType="cylinder">
<InstancePath>
<Uid>Base-1</Uid>
</InstancePath>
<Position>0 0.055999999999999994 0</Position>
<Axis>0 -1 0</Axis>
</ConstraintGeometry>
<ConstraintGeometry geomType="cylinder">
<InstancePath>
<Uid>Waist-1</Uid>
</InstancePath>
<Position>0 0.0040000000000000036 0</Position>
<Axis>0 -1 0</Axis>
</ConstraintGeometry>
</Concentric>
<Distance name="Distance1">
<ConstraintGeometry geomType="plane">
<InstancePath>
<Uid>Base-1</Uid>
</InstancePath>
<Position>0 0.055999999999999994 0</Position>
<Axis>0 1 0</Axis>
</ConstraintGeometry>
<ConstraintGeometry geomType="plane">
<InstancePath>
<Uid>Waist-1</Uid>
</InstancePath>
<Position>0 0 0</Position>
<Axis>0 -1 0</Axis>
</ConstraintGeometry>
</Distance>
<Coincident name="Coincident4">
<ConstraintGeometry geomType="plane">
<InstancePath>
<Uid>Waist-1</Uid>
</InstancePath>
<Position>-0.017999999999999988 0 0</Position>
<Axis>-1.0000000000000002 0 0</Axis>
</ConstraintGeometry>
<ConstraintGeometry geomType="plane">
<InstancePath>
<Uid>Servo Motor MG996R-2</Uid>
</InstancePath>
<Position>-0.027300000000000012 0.031200000000000006 -0.0092500000000000082</Position>
<Axis>0 1 0</Axis>
</ConstraintGeometry>
</Coincident>
<Coincident name="Coincident5">
<ConstraintGeometry geomType="plane">
<InstancePath>
<Uid>Waist-1</Uid>
</InstancePath>
<Position>-0.048501000000000002 0.025957567856905533 0.015249648421956474</Position>
<Axis>0 0.70710678118654813 -0.70710678118654702</Axis>
</ConstraintGeometry>
<ConstraintGeometry geomType="plane">
<InstancePath>
<Uid>Servo Motor MG996R-2</Uid>
</InstancePath>
<Position>0.020499999999999997 0.037000000000000012 0.010250000000000009</Position>
<Axis>1.0000000000000002 0 -1.1102230246251565e-16</Axis>
</ConstraintGeometry>
</Coincident>
<Coincident name="Coincident6">
<ConstraintGeometry geomType="plane">
<InstancePath>
<Uid>Waist-1</Uid>
</InstancePath>
<Position>-0.048501000000000002 0.025957567856905533 0.015249648421956474</Position>
<Axis>0 -0.70710678118654757 -0.70710678118654746</Axis>
</ConstraintGeometry>
<ConstraintGeometry geomType="plane">
<InstancePath>
<Uid>Servo Motor MG996R-2</Uid>
</InstancePath>
<Position>-0.020500000000000004 0.037000000000000012 0.010249999999999981</Position>
<Axis>0 0 1.0000000000000002</Axis>
</ConstraintGeometry>
</Coincident>
<Coincident name="Coincident7">
<ConstraintGeometry geomType="plane">
<InstancePath>
<Uid>Servo Motor MG996R-2</Uid>
</InstancePath>
<Position>-0.010250000000000009 0.047400000000000012 0</Position>
<Axis>0 1 0</Axis>
</ConstraintGeometry>
<ConstraintGeometry geomType="plane">
<InstancePath>
<Uid>Arm 01-1</Uid>
</InstancePath>
<Position>0 0 0</Position>
<Axis>0 -2.0816681711721685e-16 -1</Axis>
</ConstraintGeometry>
</Coincident>
<Concentric name="Concentric8">
<ConstraintGeometry geomType="cylinder">
<InstancePath>
<Uid>Servo Motor MG996R-2</Uid>
</InstancePath>
<Position>-0.010250000000000009 0.047400000000000012 0</Position>
<Axis>0 -1 0</Axis>
</ConstraintGeometry>
<ConstraintGeometry geomType="cylinder">
<InstancePath>
<Uid>Arm 01-1</Uid>
</InstancePath>
<Position>0 0 0.0050000000000000044</Position>
<Axis>0 -2.0816681711721685e-16 -1</Axis>
</ConstraintGeometry>
</Concentric>
<Concentric name="Concentric13">
<ConstraintGeometry geomType="cylinder">
<InstancePath>
<Uid>Arm 01-1</Uid>
</InstancePath>
<Position>0 0.12000000000000008 -9.9999999998018341e-07</Position>
<Axis>0 2.0816681711721685e-16 1</Axis>
</ConstraintGeometry>
<ConstraintGeometry geomType="cylinder">
<InstancePath>
<Uid>Servo Motor MG996R-7</Uid>
</InstancePath>
<Position>-0.010250000000000009 0.047400000000000005 0</Position>
<Axis>0 -1 0</Axis>
</ConstraintGeometry>
</Concentric>
<Coincident name="Coincident28">
<ConstraintGeometry geomType="plane">
<InstancePath>
<Uid>Arm 01-1</Uid>
</InstancePath>
<Position>0 0 0</Position>
<Axis>0 -2.0816681711721685e-16 -1</Axis>
</ConstraintGeometry>
<ConstraintGeometry geomType="plane">
<InstancePath>
<Uid>Servo Motor MG996R-7</Uid>
</InstancePath>
<Position>-0.010250000000000009 0.047400000000000005 0</Position>
<Axis>0 1 0</Axis>
</ConstraintGeometry>
</Coincident>
<Concentric name="Concentric14">
<ConstraintGeometry geomType="circle">
<InstancePath>
<Uid>Servo Motor MG996R-7</Uid>
</InstancePath>
<Position>0.023999999999999966 0.028800000000000006 -0.0050000000000000183</Position>
<Axis>0 1 0</Axis>
</ConstraintGeometry>
<ConstraintGeometry geomType="circle">
<InstancePath>
<Uid>Arm 02 v2-1</Uid>
</InstancePath>
<Position>0.0050000000000000044 -0.00050000000000000044 0.011000000000000017</Position>
<Axis>0 0 1.0000000000000002</Axis>
</ConstraintGeometry>
</Concentric>
<Concentric name="Concentric15">
<ConstraintGeometry geomType="cylinder">
<InstancePath>
<Uid>Servo Motor MG996R-7</Uid>
</InstancePath>
<Position>-0.024000000000000049 0.024399999999999991 0.0049999999999999906</Position>
<Axis>0 1 0</Axis>
</ConstraintGeometry>
<ConstraintGeometry geomType="circle">
<InstancePath>
<Uid>Arm 02 v2-1</Uid>
</InstancePath>
<Position>-0.0049999999999995048 -0.048500000000000043 0.011000000000000003</Position>
<Axis>0 0 1.0000000000000002</Axis>
</ConstraintGeometry>
</Concentric>
<Coincident name="Coincident34">
<ConstraintGeometry geomType="plane">
<InstancePath>
<Uid>Servo Motor MG996R-7</Uid>
</InstancePath>
<Position>-0.027300000000000046 0.031199999999999992 -0.0092500000000000082</Position>
<Axis>0 1 0</Axis>
</ConstraintGeometry>
<ConstraintGeometry geomType="plane">
<InstancePath>
<Uid>Arm 02 v2-1</Uid>
</InstancePath>
<Position>0 0 0.010999999999999989</Position>
<Axis>0 0 1.0000000000000002</Axis>
</ConstraintGeometry>
</Coincident>
<Concentric name="Concentric18">
<ConstraintGeometry geomType="cylinder">
<InstancePath>
<Uid>Arm 02 v2-1</Uid>
</InstancePath>
<Position>0 0.054750000000000021 -0.020000000000000011</Position>
<Axis>0 0 1.0000000000000002</Axis>
</ConstraintGeometry>
<ConstraintGeometry geomType="cylinder">
<InstancePath>
<Uid>Gripper Assembly-1</Uid>
<Uid>Gripper base-1</Uid>
</InstancePath>
<Position>0 -0.0089999999999999941 -0.063</Position>
<Axis>1.0000000000000002 0 -2.0816681711721685e-16</Axis>
</ConstraintGeometry>
</Concentric>
<Coincident name="Coincident39">
<ConstraintGeometry geomType="plane">
<InstancePath>
<Uid>Arm 02 v2-1</Uid>
</InstancePath>
<Position>0 0 0.013000000000000005</Position>
<Axis>0 0 1.0000000000000002</Axis>
</ConstraintGeometry>
<ConstraintGeometry geomType="plane">
<InstancePath>
<Uid>Gripper Assembly-1</Uid>
<Uid>Gripper base-1</Uid>
</InstancePath>
<Position>0.0060000000000000123 0.0050000000000000044 -0.03999999999999998</Position>
<Axis>-1 1.1102230246251565e-16 2.0122792321330962e-16</Axis>
</ConstraintGeometry>
</Coincident>
</Constraints>
</RootAssembly>
<Assemblies>
<Assembly name="Gripper Assembly" uid="Gripper Assembly" version="334">
<ModelUnits mass="kilogram" length="millimeter"/>
<AssemblyFile name="Gripper Assembly.SLDASM" type="SolidWorks Assembly"/>
</Assembly>
</Assemblies>
<Parts>
<Part name="Arm 01" uid="Arm 01*:*Default" version="1650">
<ModelUnits mass="kilogram" length="millimeter"/>
<PartFile name="Arm 01.SLDPRT" type="SolidWorks Part"/>
<MassProperties>
<Mass>0.064392689835675948</Mass>
<CenterOfMass>-0.0001301064051686655 0.05859005593424426 0.0077687950238550345</CenterOfMass>
<Inertia>0.0001101525704690002 9.2537956247482719e-06 0.00011509551025858295 1.3194957348381413e-07 -2.2606570489078416e-08 -6.6174652802960831e-07</Inertia>
</MassProperties>
<GeometryFile name="Arm 01_Default_sldprt.STEP" type="STEP"/>
<VisualProperties>
<Ambient r="0" g="0.25490196078431371" b="0.92156862745098034" a="1"/>
<Diffuse r="0" g="0.25490196078431371" b="0.92156862745098034" a="1"/>
<Specular r="0" g="0.12745098039215685" b="0.46078431372549017" a="1"/>
<Emissive r="0" g="0" b="0" a="1"/>
<Shininess>0.40000000596046448</Shininess>
</VisualProperties>
</Part>
<Part name="Arm 02 v2" uid="Arm 02 v2*:*Default" version="3054">
<ModelUnits mass="kilogram" length="millimeter"/>
<PartFile name="Arm 02 v2.SLDPRT" type="SolidWorks Part"/>
<MassProperties>
<Mass>0.06303458651048803</Mass>
<CenterOfMass>1.7439979236445058e-07 0.015459329956732444 0.0056030325607473773</CenterOfMass>
<Inertia>8.7215784713929562e-05 1.0303843426160733e-05 9.4423470914280105e-05 -7.5804775893277831e-07 8.8094302742155546e-12 -1.5059295523929691e-10</Inertia>
</MassProperties>
<GeometryFile name="Arm 02 v2_Default_sldprt.STEP" type="STEP"/>
<VisualProperties>
<Ambient r="0.792156862745098" g="0.81960784313725488" b="0.93333333333333335" a="1"/>
<Diffuse r="0.792156862745098" g="0.81960784313725488" b="0.93333333333333335" a="1"/>
<Specular r="0.396078431372549" g="0.40980392156862744" b="0.46666666666666667" a="1"/>
<Emissive r="0" g="0" b="0" a="1"/>
<Shininess>0.3125</Shininess>
</VisualProperties>
</Part>
<Part name="Base" uid="Base*:*Default" version="966">
<ModelUnits mass="kilogram" length="millimeter"/>
<PartFile name="Base.SLDPRT" type="SolidWorks Part"/>
<MassProperties>
<Mass>1.80492364313414</Mass>
<CenterOfMass>0.00012473466305006715 0.022245518281025559 0.00047360323977188416</CenterOfMass>
<Inertia>0.0023935516351259074 0.0039075437251702826 0.0026083409683430757 -4.5461056613177641e-06 5.2806477192800821e-07 7.4202557348196599e-05</Inertia>
</MassProperties>
<GeometryFile name="Base_Default_sldprt.STEP" type="STEP"/>
<VisualProperties>
<Ambient r="0.62745098039215685" g="0.63921568627450975" b="0.56862745098039214" a="1"/>
<Diffuse r="0.62745098039215685" g="0.63921568627450975" b="0.56862745098039214" a="1"/>
<Specular r="0.31372549019607843" g="0.31960784313725488" b="0.28431372549019607" a="1"/>
<Emissive r="0" g="0" b="0" a="1"/>
<Shininess>0.3125</Shininess>
</VisualProperties>
</Part>
<Part name="Gripper 1" uid="Gripper 1*:*Default" version="363">
<ModelUnits mass="kilogram" length="millimeter"/>
<PartFile name="Gripper 1.SLDPRT" type="SolidWorks Part"/>
<MassProperties>
<Mass>8.6459177748135824e-05</Mass>
<CenterOfMass>0.0042500225915138353 0.0095131476517421962 -0.031889976021591902</CenterOfMass>
<Inertia>2.7454218228643854e-08 2.5562707537880412e-08 2.9326229563920504e-09 5.9814845928482673e-09 1.0431536623463944e-13 1.9912666764294924e-13</Inertia>
</MassProperties>
<GeometryFile name="Gripper 1_Default_sldprt.STEP" type="STEP"/>
<VisualProperties>
<Ambient r="0.84313725490196079" g="0.81568627450980391" b="0.75294117647058822" a="1"/>
<Diffuse r="0.84313725490196079" g="0.81568627450980391" b="0.75294117647058822" a="1"/>
<Specular r="0.42156862745098039" g="0.40784313725490196" b="0.37647058823529411" a="1"/>
<Emissive r="0" g="0" b="0" a="1"/>
<Shininess>0.3125</Shininess>
</VisualProperties>
</Part>
<Part name="Gripper base" uid="Gripper base*:*Default" version="829">
<ModelUnits mass="kilogram" length="millimeter"/>
<PartFile name="Gripper base.SLDPRT" type="SolidWorks Part"/>
<MassProperties>
<Mass>0.00025183273298145815</Mass>
<CenterOfMass>0.015976607329816053 -0.003183239991328266 -0.039448867575183594</CenterOfMass>
<Inertia>1.1609291402880551e-07 1.300020416755112e-07 4.101460688727011e-08 -2.1851269483935312e-08 -2.2883146937026241e-08 -5.6120269448107374e-09</Inertia>
</MassProperties>
<GeometryFile name="Gripper base_Default_sldprt.STEP" type="STEP"/>
<VisualProperties>
<Ambient r="0.84313725490196079" g="0.81568627450980391" b="0.75294117647058822" a="1"/>
<Diffuse r="0.84313725490196079" g="0.81568627450980391" b="0.75294117647058822" a="1"/>
<Specular r="0.42156862745098039" g="0.40784313725490196" b="0.37647058823529411" a="1"/>
<Emissive r="0" g="0" b="0" a="1"/>
<Shininess>0.3125</Shininess>
</VisualProperties>
</Part>
<Part name="Servo Motor MG996R" uid="Servo Motor MG996R*:*Default" version="595">
<ModelUnits mass="kilogram" length="millimeter"/>
<PartFile name="Servo Motor MG996R.SLDPRT" type="SolidWorks Part"/>
<MassProperties>
<Mass>0.033876630295594158</Mass>
<CenterOfMass>-0.00049032191241283034 0.020358074512903949 -1.291844069588858e-09</CenterOfMass>
<Inertia>5.84825109292442e-06 6.0274552077711152e-06 9.5878080593298571e-06 6.4718830441281209e-13 1.5672389690768137e-13 2.7277211248685729e-07</Inertia>
</MassProperties>
<GeometryFile name="Servo Motor MG996R_Default_sldprt.STEP" type="STEP"/>
<VisualProperties>
<Ambient r="0.25098039215686274" g="0.25098039215686274" b="0.25098039215686274" a="1"/>
<Diffuse r="0.25098039215686274" g="0.25098039215686274" b="0.25098039215686274" a="1"/>
<Specular r="0.12549019607843137" g="0.12549019607843137" b="0.12549019607843137" a="1"/>
<Emissive r="0" g="0" b="0" a="1"/>
<Shininess>0.40000000596046448</Shininess>
</VisualProperties>
</Part>
<Part name="Servo Motor Micro  9g" uid="Servo Motor Micro  9g*:*Default" version="207">
<ModelUnits mass="kilogram" length="millimeter"/>
<PartFile name="Servo Motor Micro  9g.SLDPRT" type="SolidWorks Part"/>
<MassProperties>
<Mass>0.00011418892235703099</Mass>
<CenterOfMass>-0.00042843487706856697 0.012510643062129503 0</CenterOfMass>
<Inertia>7.338802119604294e-09 6.8503089012304603e-09 1.1338166542946194e-08 0 0 5.7317025136671472e-10</Inertia>
</MassProperties>
<GeometryFile name="Servo Motor Micro  9g_Default_sldprt.STEP" type="STEP"/>
<VisualProperties>
<Ambient r="0.84313725490196079" g="0.81568627450980391" b="0.75294117647058822" a="1"/>
<Diffuse r="0.84313725490196079" g="0.81568627450980391" b="0.75294117647058822" a="1"/>
<Specular r="0.42156862745098039" g="0.40784313725490196" b="0.37647058823529411" a="1"/>
<Emissive r="0" g="0" b="0" a="1"/>
<Shininess>0.3125</Shininess>
</VisualProperties>
</Part>
<Part name="Waist" uid="Waist*:*Default" version="1302">
<ModelUnits mass="kilogram" length="millimeter"/>
<PartFile name="Waist.SLDPRT" type="SolidWorks Part"/>
<MassProperties>
<Mass>0.068038308291964195</Mass>
<CenterOfMass>-0.006434617492223323 0.017289415162555253 -0.0013719889444740476</CenterOfMass>
<Inertia>5.8133187548494598e-05 5.4676389153981747e-05 4.5017727888450793e-05 6.2427453291761151e-06 -6.4175688336672759e-07 5.1776609631200631e-06</Inertia>
</MassProperties>
<GeometryFile name="Waist_Default_sldprt.STEP" type="STEP"/>
<VisualProperties>
<Ambient r="0.792156862745098" g="0.81960784313725488" b="0.93333333333333335" a="1"/>
<Diffuse r="0.792156862745098" g="0.81960784313725488" b="0.93333333333333335" a="1"/>
<Specular r="0.396078431372549" g="0.40980392156862744" b="0.46666666666666667" a="1"/>
<Emissive r="0" g="0" b="0" a="1"/>
<Shininess>0.3125</Shininess>
</VisualProperties>
</Part>
<Part name="gear1" uid="gear1*:*Default" version="156">
<ModelUnits mass="kilogram" length="millimeter"/>
<PartFile name="gear1.SLDPRT" type="SolidWorks Part"/>
<MassProperties>
<Mass>4.2314585648113367e-05</Mass>
<CenterOfMass>-0.0045275913705687676 0.0019999999999999996 -0.00060196930727362142</CenterOfMass>
<Inertia>1.4424003413880961e-09 7.1640922331413536e-09 5.834530786814894e-09 0 -1.4828945881571402e-10 0</Inertia>
</MassProperties>
<GeometryFile name="gear1_Default_sldprt.STEP" type="STEP"/>
<VisualProperties>
<Ambient r="0.84313725490196079" g="0.81568627450980391" b="0.75294117647058822" a="1"/>
<Diffuse r="0.84313725490196079" g="0.81568627450980391" b="0.75294117647058822" a="1"/>
<Specular r="0.42156862745098039" g="0.40784313725490196" b="0.37647058823529411" a="1"/>
<Emissive r="0" g="0" b="0" a="1"/>
<Shininess>0.3125</Shininess>
</VisualProperties>
</Part>
<Part name="gear2" uid="gear2*:*Default" version="324">
<ModelUnits mass="kilogram" length="millimeter"/>
<PartFile name="gear2.SLDPRT" type="SolidWorks Part"/>
<MassProperties>
<Mass>4.1101129136208235e-05</Mass>
<CenterOfMass>-0.015802287599926874 0.0020000000000000005 0.00013999953130627911</CenterOfMass>
<Inertia>1.5517312040309088e-09 7.1468384907806188e-09 5.704710297779599e-09 0 7.1558036180396819e-10 0</Inertia>
</MassProperties>
<GeometryFile name="gear2_Default_sldprt.STEP" type="STEP"/>
<VisualProperties>
<Ambient r="0.84313725490196079" g="0.81568627450980391" b="0.75294117647058822" a="1"/>
<Diffuse r="0.84313725490196079" g="0.81568627450980391" b="0.75294117647058822" a="1"/>
<Specular r="0.42156862745098039" g="0.40784313725490196" b="0.37647058823529411" a="1"/>
<Emissive r="0" g="0" b="0" a="1"/>
<Shininess>0.3125</Shininess>
</VisualProperties>
</Part>
<Part name="grip link 1" uid="grip link 1*:*Default" version="142">
<ModelUnits mass="kilogram" length="millimeter"/>
<PartFile name="grip link 1.SLDPRT" type="SolidWorks Part"/>
<MassProperties>
<Mass>1.2794946460126828e-05</Mass>
<CenterOfMass>0.015500000000000005 0.002 0</CenterOfMass>
<Inertia>5.818713586211905e-11 1.6727156340866725e-09 1.6486483554515582e-09 0 0 0</Inertia>
</MassProperties>
<GeometryFile name="grip link 1_Default_sldprt.STEP" type="STEP"/>
<VisualProperties>
<Ambient r="0.84313725490196079" g="0.81568627450980391" b="0.75294117647058822" a="1"/>
<Diffuse r="0.84313725490196079" g="0.81568627450980391" b="0.75294117647058822" a="1"/>
<Specular r="0.42156862745098039" g="0.40784313725490196" b="0.37647058823529411" a="1"/>
<Emissive r="0" g="0" b="0" a="1"/>
<Shininess>0.3125</Shininess>
</VisualProperties>
</Part>
</Parts>
</SimscapeMultibodyImportXML>
